0.101987
q = 0.099988
r = 0.099988
t = 0.099988
k = 1002
rep = 26148
fuzz = 0.001234
buzz = 1.001234
fizz = 0.001358
