elapsed: 0.007357 s
x[1] = 0.101987
