elapsed: 0.022793 s
x[1] = 0.099988
