0.099988
k = 199
i = 198
rep = 11496
ii = 0
ipnt = 197
ipntp = 198
fuzz = -0.001234
buzz = 1.001232
fizz = 0.001358
