elapsed: 0.028984 s
q = 10.007504
