10.007504
k = 1002
rep = 31727
q = 10.007504
fuzz = -0.001234
buzz = 1.001232
fizz = 0.001358
