elapsed: 0.026312 s
x[7] = -0.189928
