-0.189928
k = 1498
j = 1005
lw = 1195
m = 497
rep = 11251
temp = 0.030005
fuzz = -0.001234
buzz = 1.001232
fizz = 0.001358
