elapsed: 0.031206 s
x[501] = 0.009089
