0.009089
i = 1002
rep = 7771
fuzz = -0.001234
buzz = 1.001232
fizz = 0.001358
