0.368114
i = 65
k = 64
rep = 2782
fuzz = 0.001234
buzz = 1.001231
fizz = 0.001358
