elapsed: 0.011061 s
w[64] = 0.368114
