elapsed: 0.010212 s
x[1] = 0.123191
