0.123191
k = 996
rep = 11473
r = 0.099988
t = 0.099988
q = 0.099988
fuzz = -0.001234
buzz = 1.001232
fizz = 0.001358
