0.099987
rep = 10536
kx = 4
ky = 100
nl1 = 1
nl2 = 2
a11 = 0.099988
a12 = 0.099988
a13 = 0.099988
a21 = 0.099988
a22 = 0.099988
a23 = 0.099988
a31 = 0.099988
a32 = 0.099988
a33 = 0.099988
sig = 0.099988
idx = 601
idx_yp = 603
idx_ym = 599
idx_xp = 803
idx_xm = 399
k1 = 3
k2 = 102
k3 = 6
fuzz = 0.001234
buzz = 1.001234
fizz = 0.001358
