0.189965
i = 102
j = 26
rep = 60640
dm28 = 0.099988
dm27 = 0.099988
dm26 = 0.099988
dm25 = 0.099988
dm24 = 0.099988
dm23 = 0.099988
dm22 = 0.099988
c0 = 0.099988
fuzz = -0.001234
buzz = 1.001231
fizz = 0.001358
