0.099987
i = 102
rep = 48657
ar = 0.000000
br = 0.000000
cr = 0.000000
fuzz = -0.001234
buzz = 1.001231
fizz = 0.001358
