100.087519
k = 1002
rep = 35250
fuzz = -0.001234
buzz = 1.001232
fizz = 0.001358
