elapsed: 0.033311 s
x[1001] = 100.087519
