0.000000
k = 1001
rep = 35623
fuzz = -0.001234
buzz = 1.001232
fizz = 0.001358
