elapsed: 0.008129 s
x[1] = 0.000000
