66.199975
ip = 65
rep = 2571
i1 = 32
j1 = 0
i2 = 31
j2 = 31
ds = 129.000000
dw = 0.500000
fuzz = -0.001234
buzz = 1.001232
fizz = 0.001358
i = 65
j = 65
k = 65
