1.099988
k = 1002
i = 2050
rep = 1868
flx = 0.099988
fuzz = -0.001234
buzz = 1.001232
fizz = 0.001358
