elapsed: 0.016786 s
xx[1] = 1.099987500158241e+00
