0.103238
rep = 4250
j = 8
k = 102
ar = 0.053000
br = 0.073000
r = 0.099988
s = 0.099988
t = 0.073000
fuzz = -0.001234
buzz = 1.001232
fizz = 0.001358
