1
2
rep = 695
i = 301
m = 2
i1 = 1
k = 2
k2 = 2
k3 = 0
j2 = 151
j4 = 153
j5 = 75
ii = 25
lb = 50
n = 75
zval = 5
r = 0.100000
s = 0.100000
t = 0.100000
tmp = -0.000012
fuzz = 0.001234
buzz = 1.001234
fizz = 0.001358
kbreak = 1
kcont = 0
restart = 0
