0.111096
rep = 23049
i = 0
j = 0
ink = -1
n = 101
k = 102
scale = 1.666667
xnm = 0.111097
e6 = 0.111097
e3 = 0.111096
xnei = 0.122204
xnc = 0.185160
fuzz = -0.001234
buzz = 1.001233
fizz = 0.001358
phase = 1
done = 1
