elapsed: 0.022658 s
ve3[51] = 0.111096
