0.000000
rep = 1383
k = 7
j = 101
t = 0.003700
s = 0.004100
fuzz = -0.001234
buzz = 1.001232
fizz = 0.001358
