elapsed: 0.011289 s
b5[51] = 0.105249
