0.105249
k = 1
i = 102
rep = 30089
stb5 = 0.052624
kb5i = 0
fuzz = -0.001234
buzz = 1.001233
fizz = 0.001358
