0.104726
k = 1001
rep = 1571
dk = 0.099988
s = 0.099988
t = 0.099988
di = -0.566680
dn = 0.099988
fuzz = -0.001234
buzz = 1.001232
fizz = 0.001358
