elapsed: 0.019698 s
x[1] = 0.104726
