0.249937
i = 26
j = 102
k = 26
rep = 2477
fuzz = -0.001234
buzz = 1.001231
fizz = 0.001358
