elapsed: 0.000535 s
w[51] = 0.058190
