0.058190
k = 102
rep = 761
expmax = 20.000000
fuzz = -0.001234
buzz = 1.001232
fizz = 0.001358
