0.104153
j = 7
k = 101
rep = 8582
qa = 0.104069
fuzz = -0.001234
buzz = 1.001232
fizz = 0.001358
