501
-10000000000.000000
k = 1002
m = 501
rep = 30596
fuzz = -0.001234
buzz = 1.001232
fizz = 0.001358
