elapsed: 0.106834 s
m = 501, x[m] = -10000000000.000000
